1 20
2 3
3 3
4 24
5 26
6 13
7 17
8 1
9 2
10 25
11 9
12 18
13 2
14 12
15 22
16 14
17 2
18 20
19 3
20 35
21 12
22 1
23 17
24 23
25 24
26 36
27 13
28 20
29 19
30 28
31 37
32 13
33 18
34 5
35 22
36 29
37 6
38 9
39 37
40 1
41 17
42 6
43 5
44 4
45 10
46 1
47 10
48 31
49 14
50 16
51 26
52 20
53 2
54 1
55 8
56 4
57 1
58 5
59 17
60 21
61 16
62 10
63 2
64 9
65 16
66 13
67 14
68 21
69 29
70 18
71 19
72 32
73 36
74 1
75 18
76 5
77 15
78 1
79 23
80 3
81 32
82 23
83 36
84 21
85 2
86 1
87 18
88 38
89 33
90 25
91 15
92 5
93 27
94 17
95 4
96 14
97 10
98 21
99 2
100 8
101 25
102 6
103 28
104 1
105 3
106 13
107 1
108 17
109 15
110 25
111 13
112 6
113 18
114 2
115 1
116 2
117 3
118 2
119 5
120 36
121 16
122 17
123 32
124 13
125 25
126 30
127 11
128 26
129 12
130 14
131 19
132 2
133 5
134 23
135 3
136 2
137 1
138 1
139 14
140 2
141 5
142 1
143 35
144 9
145 31
146 11
147 4
148 12
149 16
150 5
151 10
152 15
153 32
154 11
155 12
156 9
157 8
158 2
159 10
160 19
161 4
162 1
163 6
164 23
165 5
166 17
167 12
168 1
169 24
170 14
171 2
172 20
173 1
174 6
175 11
176 3
177 20
178 28
179 3
180 32
181 9
182 18
183 15
184 8
185 1
186 8
187 1
188 2
189 6
190 33
191 9
192 11
193 1
194 2
195 6
196 6
197 26
198 36
199 31
200 26
201 6
202 22
203 22
204 17
205 1
206 28
207 6
208 4
209 1
210 26
211 6
212 5
213 24
214 8
215 16
216 17
217 39
218 5
219 13
220 3
221 27
222 18
223 19
224 8
225 33
226 10
227 21
228 22
229 3
230 2
231 25
232 3
233 24
234 15
235 3
236 1
237 12
238 2
239 3
240 37
241 1
242 27
243 11
244 10
245 25
246 4
247 29
248 19
249 28
250 15
251 2
252 17
253 12
254 16
255 27
256 13
257 27
258 23
259 19
260 29
261 15
262 16
263 18
264 20
265 11
266 30
267 14
268 23
269 4
270 1
271 30
272 35
273 20
274 13
275 37
276 10
277 8
278 35
279 20
280 24
281 8
282 27
283 2
284 2
285 2
286 18
287 17
288 23
289 14
290 4
291 38
292 23
293 35
294 20
295 24
296 21
297 8
298 26
299 9
300 22
301 30
302 20
303 39
304 40
305 15
306 5
307 23
308 19
309 3
310 4
311 28
312 4
313 2
314 3
315 2
316 1
317 28
318 5
319 3
320 19
321 32
322 8
323 33
324 25
325 9
326 15
327 2
328 1
329 15
330 29
331 13
332 26
333 4
334 31
335 26
336 32
337 31
338 21
339 13
340 30
341 5
342 17
343 23
344 5
345 17
346 19
347 10
348 11
349 21
350 14
351 27
352 6
353 3
354 2
355 2
356 29
357 2
358 4
359 4
360 8
361 3
362 1
363 12
364 7
365 7
366 7
367 7
368 7
369 7
370 26
371 34
372 34
373 8
374 34
375 12
376 7
377 7
378 7
379 2
380 7
381 4
382 6
383 5
384 34
385 15
