1 2
2 1
3 1
4 1
5 1
6 3
7 3
8 2
9 1
10 2
11 1
12 2
13 2
14 1
15 1
16 2
17 1
18 4
19 1
20 7
21 9
22 1
23 1
24 1
25 1
26 1
27 2
28 3
29 2
30 1
31 1
32 8
33 1
34 2
35 3
36 8
37 9
38 1
39 1
40 2
41 2
42 1
43 1
44 5
45 11
46 1
47 1
48 1
49 4
50 1
51 2
52 5
53 8
54 8
55 2
56 1
57 10
58 7
59 1
60 1
61 8
62 1
63 1
64 6
65 1
66 1
67 1
68 2
69 7
70 4
71 1
72 7
73 1
74 10
75 1
76 1
77 2
78 11
79 1
80 1
81 11
82 1
83 6
84 2
85 1
86 1
87 1
88 1
89 3
90 1
91 1
92 5
93 1
94 1
95 3
96 2
97 4
98 1
99 7
100 5
101 3
102 1
103 1
104 1
105 1
106 2
107 1
108 6
109 4
110 4
111 1
112 1
113 1
114 1
115 10
116 6
117 2
118 7
119 1
120 2
121 1
122 4
123 1
124 2
125 1
126 4
127 1
128 1
129 1
130 9
131 1
132 1
133 10
134 2
135 9
136 2
137 1
138 5
