1 1
2 1
3 1
4 1
5 1
6 1
7 3
8 2
9 1
10 2
11 1
12 2
13 2
14 1
15 1
16 1
17 1
18 4
19 1
20 6
21 3
22 1
23 1
24 1
25 1
26 1
27 2
28 2
29 3
30 1
31 1
32 5
33 2
34 1
35 2
36 9
37 1
38 1
39 1
40 2
41 1
42 1
43 1
44 1
45 6
46 1
47 1
48 1
49 2
50 1
51 1
52 2
53 3
54 6
55 1
56 1
57 8
58 2
59 1
60 1
61 4
62 1
63 1
64 3
65 1
66 1
67 1
68 2
69 2
70 4
71 1
72 7
73 1
74 11
75 1
76 2
77 2
78 8
79 1
80 1
81 8
82 1
83 6
84 2
85 1
86 1
87 1
88 1
89 3
90 1
91 1
92 2
93 1
94 2
95 8
96 2
97 2
98 1
99 6
100 3
101 3
102 1
103 1
104 1
105 1
106 1
107 1
108 6
109 2
110 1
111 1
112 2
113 1
114 1
115 3
116 10
117 2
118 2
119 1
120 1
121 1
122 2
123 3
124 2
125 1
126 4
127 2
128 1
129 1
130 3
131 1
132 1
133 3
134 2
135 7
136 2
137 1
138 5
